[header]
width=20
height=20
tilewidth=16
tileheight=16

[tilesets]
tileset=../../../../../Downloads/bricks.db32.png,16,16,0,0

[layer]
type=wall
data=
1,2,2,2,2,2,2,2,2,2,2,2,2,2,2,2,2,2,2,3,
12,0,0,0,0,0,0,0,0,0,0,0,0,0,0,0,0,0,0,14,
12,0,0,0,0,0,0,0,0,0,0,0,0,0,0,0,0,0,0,14,
12,0,0,0,0,0,0,0,0,0,0,0,0,0,0,0,0,0,0,14,
12,0,0,0,0,0,0,0,0,0,0,0,0,0,0,0,0,0,0,14,
12,0,0,0,0,0,0,0,0,0,0,0,0,0,0,0,0,0,0,14,
12,0,0,0,0,0,0,0,0,0,0,0,0,0,0,0,0,0,0,14,
12,0,0,0,0,0,0,0,0,0,0,0,0,0,0,0,0,0,0,14,
12,0,0,0,0,0,0,0,0,0,0,0,0,0,0,0,0,0,0,14,
12,0,0,0,0,0,0,0,0,0,0,0,0,0,0,0,0,0,0,14,
12,0,0,0,0,0,0,0,0,0,0,0,0,0,0,0,0,0,0,14,
12,0,0,0,0,0,0,0,0,0,0,0,0,0,0,0,0,0,0,14,
12,0,0,0,0,0,0,0,0,0,0,0,0,0,0,0,0,0,0,14,
12,0,0,0,0,0,0,0,0,0,0,0,0,0,0,0,0,0,0,14,
12,0,0,0,0,0,0,0,0,0,0,0,0,0,0,0,0,0,0,14,
12,0,0,0,0,0,0,0,0,0,0,0,0,0,0,0,0,0,0,14,
12,0,0,0,0,0,0,0,0,0,0,0,0,0,0,0,0,0,0,14,
12,0,0,0,0,0,0,0,0,0,0,0,0,0,0,0,0,0,0,14,
12,0,0,0,0,0,0,0,0,0,0,0,0,0,0,0,0,0,0,14,
23,24,24,24,24,24,24,24,24,24,24,24,24,24,24,24,24,24,24,25

[layer]
type=walk
data=
0,0,0,0,0,0,0,0,0,0,0,0,0,0,0,0,0,0,0,0,
0,219,219,219,219,219,219,219,219,219,219,219,219,219,219,219,219,219,219,0,
0,219,219,219,219,219,219,219,219,219,219,219,219,219,219,219,219,219,219,0,
0,219,219,219,219,219,219,219,219,219,219,219,219,219,219,219,219,219,219,0,
0,219,219,219,219,219,219,219,219,219,219,219,219,219,219,219,219,219,219,0,
0,219,219,219,219,219,219,219,219,219,219,219,219,219,219,219,219,219,219,0,
0,219,219,219,219,219,219,219,219,219,219,219,219,219,219,219,219,219,219,0,
0,219,219,219,219,219,219,219,219,219,219,219,219,219,219,219,219,219,219,0,
0,219,219,219,219,219,219,219,219,219,219,219,219,219,219,219,219,219,219,0,
0,219,219,219,219,219,219,219,219,219,219,219,219,219,219,219,219,219,219,0,
0,219,219,219,219,219,219,219,219,219,219,219,219,219,219,219,219,219,219,0,
0,219,219,219,219,219,219,219,219,219,219,219,219,219,219,219,219,219,219,0,
0,219,219,219,219,219,219,219,219,219,219,219,219,219,219,219,219,219,219,0,
0,219,219,219,219,219,219,219,219,219,219,219,219,219,219,219,219,219,219,0,
0,219,219,219,219,219,219,219,219,219,219,219,219,219,219,219,219,219,219,0,
0,219,219,219,219,219,219,219,219,219,219,219,219,219,219,219,219,219,219,0,
0,219,219,219,219,219,219,219,219,219,219,219,219,219,219,219,219,219,219,0,
0,219,219,219,219,219,219,219,219,219,219,219,219,219,219,219,219,219,219,0,
0,219,219,219,219,219,219,219,219,219,219,219,219,219,219,219,219,219,219,0,
0,0,0,0,0,0,0,0,0,0,0,0,0,0,0,0,0,0,0,0

